INDIAN INCOME TAX RETURN ACKNOWLEDGEMENT Assessment Year

[Where the data of the Return of Income in Form ITR-1 (SAHAJ), ITR-2, ITR-3, 2019-20
ITR-4 , ITR-5, ITR-6,ITR-7 filed and verified electronically]

 

  

Name PAN

MDA CAREER SOLUTIONS PRIVATE LIMITED AAICM1615Q
Flat/Door/Block No Name Name Of Premises/Building/Village = Name Of Premises/Building/Village = illage

302 Neelkantha Pride Foun Nomber,
Road/Street/Post Office AreaLocaity =

Nerul West

   

Status Pvt Company

Town/City/District Pin/ZipCode | Filed u/s

Navi mumbai MAHARASHTRA
400706 139(1)-On or before due date

Assessing Officer Details (Ward/Circle) |CIRCLE 15(2)(1), MUMBAI

e-filing Acknowledgement Number
Gross total income AP
Total Deductions under Chapter-VI-A 2)

    
 

PERSONAL INFORMATION AND THE
ACKNOWLEDGEMENT
NUMBER

 

   
  
 
 

Z

 

   

3

  
  

 

   

 

 
  
   

 
 

 

 
  
 
  
  

  
        

  
 

> 3a| Deemed Total Income under AMT/MAT 2315
O
O
Z e 3b| Current Year loss, if any .
5 E| 4 | Nettax payable =
mi
Ee rs 6 | Total tax, interest and Fee payable
foi
~ a Advance Tax
= Z 7 | Taxes Paid :
<
©
O

Ses 0
pees 0
Self Assessment Tax 500

e Total Taxes Paid (7a+7b+7c +7d)

mo —

Refund (7e-6)
ee
10 | Exempt Income
foes ~~

 
    

Income Tax Return submitted electronically on 28-10-2019 15:47:34 from IP address _123.201.123.167____ and verified by

Sarita Kumari Shaw having PAN _AQGPS9431D_—s on _—_28-10-2019 15:47:34 from IP address

123.201.123.167 __ using Digital Signature Certificate (DSC)
2476287326100160303CN=SafeScrypt sub-CA for RCAI Class 2 2014,0U=Sub-CA,O=Sify Technologies Limited,C=IN

DSC details:

 

DO NOT SEND THIS ACKNOWLEDGEMENT TO CPC, BENGALURUlevel	page_num	block_num	par_num	line_num	word_num	left	top	width	height	conf	text
1	1	0	0	0	0	0	0	4250	5500	-1	
2	1	1	0	0	0	409	219	3575	77	-1	
3	1	1	1	0	0	409	219	3575	77	-1	
4	1	1	1	1	0	409	219	3575	77	-1	
5	1	1	1	1	1	409	224	372	71	95	INDIAN
5	1	1	1	1	2	830	223	418	73	96	INCOME
5	1	1	1	1	3	1291	224	219	71	96	TAX
5	1	1	1	1	4	1554	224	437	72	96	RETURN
5	1	1	1	1	5	2032	223	1161	73	68	ACKNOWLEDGEMENT
5	1	1	1	1	6	3441	219	378	49	96	Assessment
5	1	1	1	1	7	3841	219	143	49	96	Year
2	1	2	0	0	0	647	308	3316	181	-1	
3	1	2	1	0	0	647	308	3316	181	-1	
4	1	2	1	1	0	647	308	3316	98	-1	
5	1	2	1	1	1	647	339	173	58	96	[Where
5	1	2	1	1	2	823	339	142	46	96	the
5	1	2	1	1	3	987	339	126	46	95	data
5	1	2	1	1	4	1132	339	57	46	95	of
5	1	2	1	1	5	1207	339	91	46	96	the
5	1	2	1	1	6	1322	341	193	44	96	Return
5	1	2	1	1	7	1538	339	57	46	94	of
5	1	2	1	1	8	1617	341	213	44	94	Income
5	1	2	1	1	9	1853	339	47	45	96	in
5	1	2	1	1	10	1926	341	148	44	93	Form
5	1	2	1	1	11	2099	341	151	43	89	ITR-1
5	1	2	1	1	12	2272	339	263	58	61	(SAHAJ),
5	1	2	1	1	13	2561	340	165	54	92	ITR-2,
5	1	2	1	1	14	2752	340	165	54	90	ITR-3,
5	1	2	1	1	15	3466	308	497	98	93	2019-20
4	1	2	1	2	0	946	431	1674	58	-1	
5	1	2	1	2	1	946	433	152	43	91	ITR-4
5	1	2	1	2	2	1120	467	9	19	91	,
5	1	2	1	2	3	1155	433	165	53	91	ITR-5,
5	1	2	1	2	4	1346	432	323	54	86	ITR-6,ITR-7
5	1	2	1	2	5	1690	431	123	46	96	filed
5	1	2	1	2	6	1837	431	105	46	96	and
5	1	2	1	2	7	1963	431	218	46	95	verified
5	1	2	1	2	8	2205	431	415	58	96	electronically]
2	1	3	0	0	0	184	124	3876	454	-1	
3	1	3	1	0	0	184	124	3876	454	-1	
4	1	3	1	1	0	184	124	3876	454	-1	
5	1	3	1	1	1	184	124	3876	454	95	 
2	1	4	0	0	0	3011	1269	1041	122	-1	
3	1	4	1	0	0	3011	1269	1041	122	-1	
4	1	4	1	1	0	3011	1269	1041	122	-1	
5	1	4	1	1	1	3011	1269	1041	122	95	  
2	1	5	0	0	0	511	631	2982	673	-1	
3	1	5	1	0	0	511	631	2674	46	-1	
4	1	5	1	1	0	511	631	2674	46	-1	
5	1	5	1	1	1	511	635	153	42	96	Name
5	1	5	1	1	2	3058	631	127	41	96	PAN
3	1	5	2	0	0	511	735	2982	250	-1	
4	1	5	2	1	0	524	735	2969	78	-1	
5	1	5	2	1	1	524	735	144	41	96	MDA
5	1	5	2	1	2	687	735	244	42	96	CAREER
5	1	5	2	1	3	950	735	340	42	96	SOLUTIONS
5	1	5	2	1	4	1311	735	259	42	96	PRIVATE
5	1	5	2	1	5	1590	735	253	41	96	LIMITED
5	1	5	2	1	6	3117	762	376	51	91	AAICM1615Q
4	1	5	2	2	0	511	896	2502	113	-1	
5	1	5	2	2	1	511	920	430	44	90	Flat/Door/Block
5	1	5	2	2	2	957	922	73	42	96	No
5	1	5	2	2	3	1644	930	153	42	96	Name
5	1	5	2	2	4	0	0	4250	5500	48	Name
5	1	5	2	2	5	1818	927	66	45	93	Of
5	1	5	2	2	6	1625	896	1388	113	87	Premises/Building/Village
5	1	5	2	2	7	0	0	4250	5500	56	=
5	1	5	2	2	8	0	0	4250	5500	48	Name
5	1	5	2	2	9	0	0	4250	5500	93	Of
5	1	5	2	2	10	1625	896	1388	113	87	Premises/Building/Village
5	1	5	2	2	11	0	0	4250	5500	56	=
5	1	5	2	2	12	2450	928	139	57	92	illage
3	1	5	3	0	0	511	1049	2955	226	-1	
4	1	5	3	1	0	525	1049	2941	81	-1	
5	1	5	3	1	1	525	1049	88	43	96	302
5	1	5	3	1	2	1647	1051	282	44	92	Neelkantha
5	1	5	3	1	3	1947	1051	128	44	96	Pride
5	1	5	3	1	4	3067	1088	147	42	18	Foun
5	1	5	3	1	5	3232	1086	234	44	19	Nomber,
4	1	5	3	2	0	511	1188	2502	116	-1	
5	1	5	3	2	1	511	1210	450	44	92	Road/Street/Post
5	1	5	3	2	2	980	1209	158	45	96	Office
5	1	5	3	2	3	1636	1218	367	57	45	AreaLocaity
5	1	5	3	2	4	1624	1188	1389	116	46	=
2	1	6	0	0	0	1636	1324	284	44	-1	
3	1	6	1	0	0	1636	1324	284	44	-1	
4	1	6	1	1	0	1636	1324	284	44	-1	
5	1	6	1	1	1	1636	1324	139	44	95	Nerul
5	1	6	1	1	2	1792	1326	128	42	96	West
2	1	7	0	0	0	3011	1374	1041	101	-1	
3	1	7	1	0	0	3011	1374	1041	101	-1	
4	1	7	1	1	0	3011	1374	1041	101	-1	
5	1	7	1	1	1	3011	1391	10	84	95	 
5	1	7	1	1	2	3636	1374	416	17	95	 
2	1	8	0	0	0	3043	1401	593	54	-1	
3	1	8	1	0	0	3043	1401	593	54	-1	
4	1	8	1	1	0	3043	1401	593	54	-1	
5	1	8	1	1	1	3043	1412	162	42	93	Status
5	1	8	1	1	2	3296	1401	81	42	90	Pvt
5	1	8	1	1	3	3396	1401	240	54	96	Company
2	1	9	0	0	0	519	1529	2747	64	-1	
3	1	9	1	0	0	519	1500	2747	114	-1	
4	1	9	1	1	0	519	1529	2747	64	-1	
5	1	9	1	1	1	519	1536	503	57	90	Town/City/District
5	1	9	1	1	2	2640	1532	338	56	92	Pin/ZipCode
5	1	9	1	1	3	0	0	4250	5500	96	|
5	1	9	1	1	4	3041	1529	133	44	96	Filed
5	1	9	1	1	5	3192	1531	74	42	96	u/s
2	1	10	0	0	0	524	1636	3290	124	-1	
3	1	10	1	0	0	524	1636	3290	124	-1	
4	1	10	1	1	0	524	1636	1615	64	-1	
5	1	10	1	1	1	524	1638	119	42	96	Navi
5	1	10	1	1	2	661	1636	202	44	96	mumbai
5	1	10	1	1	3	1658	1658	481	42	96	MAHARASHTRA
4	1	10	1	2	0	2655	1703	1159	57	-1	
5	1	10	1	2	1	2655	1704	184	43	96	400706
5	1	10	1	2	2	3088	1704	226	56	91	139(1)-On
5	1	10	1	2	3	3317	1718	97	30	96	or
5	1	10	1	2	4	3430	1703	158	45	96	before
5	1	10	1	2	5	3608	1704	86	44	96	due
5	1	10	1	2	6	3713	1704	101	44	96	date
2	1	11	0	0	0	499	1878	1866	64	-1	
3	1	11	1	0	0	499	1878	1866	64	-1	
4	1	11	1	1	0	499	1878	1866	64	-1	
5	1	11	1	1	1	499	1879	252	57	96	Assessing
5	1	11	1	1	2	770	1878	186	45	96	Officer
5	1	11	1	1	3	974	1879	182	44	93	Details
5	1	11	1	1	4	1176	1879	373	56	82	(Ward/Circle)
5	1	11	1	1	5	1628	1888	216	42	2	|CIRCLE
5	1	11	1	1	6	1868	1886	215	56	91	15(2)(1),
5	1	11	1	1	7	2105	1888	260	42	95	MUMBAI
2	1	12	0	0	0	505	2045	3542	339	-1	
3	1	12	1	0	0	505	2007	3542	377	-1	
4	1	12	1	1	0	505	2045	930	58	-1	
5	1	12	1	1	1	505	2045	185	58	92	e-filing
5	1	12	1	1	2	707	2046	492	57	95	Acknowledgement
5	1	12	1	1	3	1216	2046	219	44	96	Number
4	1	12	1	2	0	645	2145	3402	115	-1	
5	1	12	1	2	1	645	2169	128	42	96	Gross
5	1	12	1	2	2	776	2167	158	44	96	total
5	1	12	1	2	3	952	2167	189	44	96	income
5	1	12	1	2	4	3128	2145	919	115	60	AP
4	1	12	1	3	0	643	2263	3404	121	-1	
5	1	12	1	3	1	643	2290	140	44	95	Total
5	1	12	1	3	2	801	2290	297	44	95	Deductions
5	1	12	1	3	3	1116	2290	157	44	93	under
5	1	12	1	3	4	1293	2290	375	56	92	Chapter-VI-A
5	1	12	1	3	5	3128	2263	919	121	42	2)
2	1	13	0	0	0	3011	1391	1041	105	-1	
3	1	13	1	0	0	3011	1391	1041	105	-1	
4	1	13	1	1	0	3011	1391	1041	91	-1	
5	1	13	1	1	1	3011	1475	10	7	95	 
5	1	13	1	1	2	4043	1391	9	91	95	  
4	1	13	1	2	0	3011	1482	1041	14	-1	
5	1	13	1	2	1	3011	1482	1041	14	95	 
2	1	14	0	0	0	254	880	162	982	-1	
3	1	14	1	0	0	254	880	162	982	-1	
4	1	14	1	1	0	254	880	38	982	-1	
5	1	14	1	1	1	254	1563	38	299	94	PERSONAL
5	1	14	1	1	2	254	1134	38	411	94	INFORMATION
5	1	14	1	1	3	254	1006	37	117	93	AND
5	1	14	1	1	4	255	880	36	113	96	THE
4	1	14	1	2	0	318	1078	38	622	-1	
5	1	14	1	2	1	318	1078	38	622	96	ACKNOWLEDGEMENT
4	1	14	1	3	0	379	1319	37	247	-1	
5	1	14	1	3	1	379	1319	37	247	96	NUMBER
2	1	15	0	0	0	606	2143	2518	119	-1	
3	1	15	1	0	0	606	2143	2518	119	-1	
4	1	15	1	1	0	606	2143	2518	119	-1	
5	1	15	1	1	1	606	2143	2518	119	95	 
2	1	16	0	0	0	423	2141	185	303	-1	
3	1	16	1	0	0	423	2141	185	303	-1	
4	1	16	1	1	0	423	2141	184	176	-1	
5	1	16	1	1	1	423	2141	184	176	95	   
4	1	16	1	2	0	423	2317	184	36	-1	
5	1	16	1	2	1	423	2317	184	36	95	  
4	1	16	1	3	0	423	2353	185	42	-1	
5	1	16	1	3	1	423	2353	185	42	95	 
4	1	16	1	4	0	423	2395	112	49	-1	
5	1	16	1	4	1	423	2395	112	49	95	 
2	1	17	0	0	0	536	2292	26	41	-1	
3	1	17	1	0	0	536	2292	26	41	-1	
4	1	17	1	1	0	536	2292	26	41	-1	
5	1	17	1	1	1	536	2292	26	41	46	Z
2	1	18	0	0	0	606	2261	2518	125	-1	
3	1	18	1	0	0	606	2261	2518	125	-1	
4	1	18	1	1	0	606	2261	2518	125	-1	
5	1	18	1	1	1	606	2261	2518	125	95	 
2	1	19	0	0	0	423	2395	185	84	-1	
3	1	19	1	0	0	423	2395	185	84	-1	
4	1	19	1	1	0	423	2395	185	84	-1	
5	1	19	1	1	1	423	2444	112	35	95	 
5	1	19	1	1	2	562	2395	46	49	95	 
2	1	20	0	0	0	535	2416	27	42	-1	
3	1	20	1	0	0	535	2416	27	42	-1	
4	1	20	1	1	0	535	2416	27	42	-1	
5	1	20	1	1	1	535	2416	27	42	96	3
2	1	21	0	0	0	423	2444	185	126	-1	
3	1	21	1	0	0	423	2444	185	126	-1	
4	1	21	1	1	0	423	2444	185	36	-1	
5	1	21	1	1	1	423	2444	185	36	95	  
4	1	21	1	2	0	423	2480	185	90	-1	
5	1	21	1	2	1	423	2480	185	90	95	  
2	1	22	0	0	0	607	2385	2517	126	-1	
3	1	22	1	0	0	607	2385	2517	126	-1	
4	1	22	1	1	0	607	2385	2517	126	-1	
5	1	22	1	1	1	607	2385	2517	126	95	 
2	1	23	0	0	0	423	2535	185	84	-1	
3	1	23	1	0	0	423	2535	185	84	-1	
4	1	23	1	1	0	423	2535	185	84	-1	
5	1	23	1	1	1	423	2570	108	49	95	 
5	1	23	1	1	2	590	2535	18	35	95	 
2	1	24	0	0	0	607	2511	2517	123	-1	
3	1	24	1	0	0	607	2511	2517	123	-1	
4	1	24	1	1	0	607	2511	2517	123	-1	
5	1	24	1	1	1	607	2511	2517	123	95	 
2	1	25	0	0	0	423	2570	186	265	-1	
3	1	25	1	0	0	423	2570	186	265	-1	
4	1	25	1	1	0	590	2570	19	49	-1	
5	1	25	1	1	1	590	2570	19	49	95	 
4	1	25	1	2	0	423	2619	186	50	-1	
5	1	25	1	2	1	423	2619	186	50	95	  
4	1	25	1	3	0	423	2669	186	166	-1	
5	1	25	1	3	1	423	2669	186	166	95	   
2	1	26	0	0	0	596	2669	13	88	-1	
3	1	26	1	0	0	596	2669	13	88	-1	
4	1	26	1	1	0	596	2669	13	42	-1	
5	1	26	1	1	1	596	2669	13	42	95	 
4	1	26	1	2	0	600	2711	9	46	-1	
5	1	26	1	2	1	600	2711	9	46	95	 
2	1	27	0	0	0	608	2634	2516	137	-1	
3	1	27	1	0	0	608	2634	2516	137	-1	
4	1	27	1	1	0	608	2634	2516	137	-1	
5	1	27	1	1	1	608	2634	2516	137	95	 
2	1	28	0	0	0	423	2795	770	352	-1	
3	1	28	1	0	0	423	2795	770	352	-1	
4	1	28	1	1	0	604	2795	2	40	-1	
5	1	28	1	1	1	604	2795	2	40	95	 
4	1	28	1	2	0	423	2835	183	52	-1	
5	1	28	1	2	1	423	2835	183	52	95	  
4	1	28	1	3	0	423	2887	183	68	-1	
5	1	28	1	3	1	423	2887	183	68	95	 
4	1	28	1	4	0	427	2955	179	126	-1	
5	1	28	1	4	1	427	2955	179	126	95	  
4	1	28	1	5	0	423	3081	770	66	-1	
5	1	28	1	5	1	423	3081	770	66	95	  
2	1	29	0	0	0	423	3081	1719	181	-1	
3	1	29	1	0	0	423	3081	1719	181	-1	
4	1	29	1	1	0	1564	3081	578	51	-1	
5	1	29	1	1	1	1564	3081	578	51	95	  
4	1	29	1	2	0	423	3147	1719	115	-1	
5	1	29	1	2	1	423	3147	770	115	95	     
5	1	29	1	2	2	2133	3147	9	36	95	  
2	1	30	0	0	0	423	3262	765	368	-1	
3	1	30	1	0	0	423	3262	765	368	-1	
4	1	30	1	1	0	423	3262	761	267	-1	
5	1	30	1	1	1	423	3262	761	267	95	  
4	1	30	1	2	0	427	3529	761	101	-1	
5	1	30	1	2	1	427	3529	761	101	95	 
2	1	31	0	0	0	254	2513	3792	840	-1	
3	1	31	1	0	0	254	2528	3792	825	-1	
4	1	31	1	1	0	255	2528	3666	85	-1	
5	1	31	1	1	1	255	2528	36	85	38	>
5	1	31	1	1	2	531	2556	59	42	82	3a|
5	1	31	1	1	3	639	2554	214	44	96	Deemed
5	1	31	1	1	4	870	2554	140	44	96	Total
5	1	31	1	1	5	1029	2556	194	42	96	Income
5	1	31	1	1	6	1242	2554	157	44	93	under
5	1	31	1	1	7	1417	2556	307	42	90	AMT/MAT
5	1	31	1	1	8	3801	2538	120	42	96	2315
4	1	31	1	2	0	254	2616	38	38	-1	
5	1	31	1	2	1	254	2616	38	38	31	O
4	1	31	1	3	0	254	2662	38	33	-1	
5	1	31	1	3	1	254	2662	38	33	70	O
4	1	31	1	4	0	254	2513	2962	256	-1	
5	1	31	1	4	1	254	2699	37	58	69	Z
5	1	31	1	4	2	344	2687	38	79	0	e
5	1	31	1	4	3	535	2691	61	44	83	3b|
5	1	31	1	4	4	649	2693	216	42	96	Current
5	1	31	1	4	5	881	2693	102	42	96	Year
5	1	31	1	4	6	986	2691	152	53	96	loss,
5	1	31	1	4	7	1157	2690	38	44	94	if
5	1	31	1	4	8	1212	2705	95	43	94	any
5	1	31	1	4	9	3127	2513	89	256	0	.
4	1	31	1	5	0	254	2674	3792	310	-1	
5	1	31	1	5	1	254	2817	38	71	44	5
5	1	31	1	5	2	344	2772	37	153	27	E|
5	1	31	1	5	3	534	2818	33	46	57	4
5	1	31	1	5	4	0	0	4250	5500	57	|
5	1	31	1	5	5	656	2823	191	42	60	Nettax
5	1	31	1	5	6	864	2821	205	57	61	payable
5	1	31	1	5	7	3127	2674	919	310	24	=
4	1	31	1	6	0	255	3004	126	39	-1	
5	1	31	1	6	1	255	3004	126	39	46	mi
4	1	31	1	7	0	254	3033	1310	87	-1	
5	1	31	1	7	1	254	3033	37	76	18	Ee
5	1	31	1	7	2	344	3044	37	76	14	rs
5	1	31	1	7	3	535	3050	27	42	95	6
5	1	31	1	7	4	0	0	4250	5500	95	|
5	1	31	1	7	5	643	3048	140	44	95	Total
5	1	31	1	7	6	801	3056	96	45	95	tax,
5	1	31	1	7	7	916	3048	201	44	96	interest
5	1	31	1	7	8	1134	3048	98	44	96	and
5	1	31	1	7	9	1249	3050	91	42	96	Fee
5	1	31	1	7	10	1359	3048	205	56	96	payable
4	1	31	1	8	0	255	3110	36	35	-1	
5	1	31	1	8	1	255	3110	36	35	47	foi
4	1	31	1	9	0	255	3147	1470	45	-1	
5	1	31	1	9	1	255	3147	37	38	0	~
5	1	31	1	9	2	1250	3162	28	30	79	a
5	1	31	1	9	3	1374	3148	230	44	79	Advance
5	1	31	1	9	4	1622	3150	103	42	96	Tax
4	1	31	1	10	0	255	3160	2743	112	-1	
5	1	31	1	10	1	255	3188	36	84	36	=
5	1	31	1	10	2	345	3165	36	76	24	Z
5	1	31	1	10	3	535	3198	26	41	96	7
5	1	31	1	10	4	0	0	4250	5500	96	|
5	1	31	1	10	5	641	3198	154	42	96	Taxes
5	1	31	1	10	6	813	3196	120	44	96	Paid
5	1	31	1	10	7	2971	3160	27	43	70	:
4	1	31	1	11	0	344	3242	37	39	-1	
5	1	31	1	11	1	344	3242	37	39	68	<
4	1	31	1	12	0	254	3275	38	38	-1	
5	1	31	1	12	1	254	3275	38	38	53	©
4	1	31	1	13	0	254	3320	38	33	-1	
5	1	31	1	13	1	254	3320	38	33	65	O
2	1	32	0	0	0	1188	3151	1810	393	-1	
3	1	32	1	0	0	1188	3151	1810	427	-1	
4	1	32	1	1	0	1188	3151	1810	200	-1	
5	1	32	1	1	1	1188	3151	1150	200	12	Ses
5	1	32	1	1	2	2971	3280	27	43	90	0
4	1	32	1	2	0	1188	3354	1810	176	-1	
5	1	32	1	2	1	1188	3354	1150	176	41	pees
5	1	32	1	2	2	2971	3395	27	43	92	0
4	1	32	1	3	0	1379	3485	1619	59	-1	
5	1	32	1	3	1	1379	3485	98	45	96	Self
5	1	32	1	3	2	1493	3488	305	42	95	Assessment
5	1	32	1	3	3	1815	3488	103	42	95	Tax
5	1	32	1	3	4	2911	3501	87	43	96	500
2	1	33	0	0	0	1250	3598	1001	56	-1	
3	1	33	1	0	0	1250	3598	1001	56	-1	
4	1	33	1	1	0	1250	3598	1001	56	-1	
5	1	33	1	1	1	1250	3612	24	30	92	e
5	1	33	1	1	2	1370	3598	140	44	88	Total
5	1	33	1	1	3	1528	3600	154	42	96	Taxes
5	1	33	1	1	4	1700	3598	120	44	93	Paid
5	1	33	1	1	5	1839	3598	275	56	85	(7a+7b+7c
5	1	33	1	1	6	2135	3598	116	56	92	+7d)
2	1	34	0	0	0	3127	3581	919	349	-1	
3	1	34	1	0	0	427	3581	3619	349	-1	
4	1	34	1	1	0	3127	3581	919	349	-1	
5	1	34	1	1	1	427	3693	713	237	31	mo
5	1	34	1	1	2	3127	3581	919	349	0	—
2	1	35	0	0	0	517	3817	2725	299	-1	
3	1	35	1	0	0	517	3842	2606	274	-1	
4	1	35	1	1	0	643	3842	363	57	-1	
5	1	35	1	1	1	643	3842	197	45	93	Refund
5	1	35	1	1	2	859	3843	147	56	92	(7e-6)
4	1	35	1	2	0	1492	3817	1750	221	-1	
5	1	35	1	2	1	1492	3817	1750	221	31	ee
4	1	35	1	3	0	517	4007	540	55	-1	
5	1	35	1	3	1	517	4007	55	43	96	10
5	1	35	1	3	2	0	0	4250	5500	95	|
5	1	35	1	3	3	638	4008	207	54	95	Exempt
5	1	35	1	3	4	863	4008	194	42	96	Income
4	1	35	1	4	0	1492	3996	1695	120	-1	
5	1	35	1	4	1	1492	4025	851	91	66	foes
5	1	35	1	4	2	2346	3996	841	120	0	~~
2	1	36	0	0	0	427	3630	2701	59	-1	
3	1	36	1	0	0	427	3630	2701	59	-1	
4	1	36	1	1	0	427	3630	766	27	-1	
5	1	36	1	1	1	427	3630	766	27	95	 
4	1	36	1	2	0	427	3630	2701	59	-1	
5	1	36	1	2	1	427	3630	2701	59	95	    
2	1	37	0	0	0	222	4280	3442	74	-1	
3	1	37	1	0	0	222	4280	3442	74	-1	
4	1	37	1	1	0	222	4280	3442	74	-1	
5	1	37	1	1	1	222	4293	204	47	96	Income
5	1	37	1	1	2	447	4293	106	47	96	Tax
5	1	37	1	1	3	573	4293	186	47	96	Return
5	1	37	1	1	4	781	4291	270	49	96	submitted
5	1	37	1	1	5	1072	4291	374	63	96	electronically
5	1	37	1	1	6	1467	4306	66	34	96	on
5	1	37	1	1	7	1581	4289	287	43	19	28-10-2019
5	1	37	1	1	8	1891	4290	222	42	77	15:47:34
5	1	37	1	1	9	2200	4290	132	50	77	from
5	1	37	1	1	10	2352	4293	58	46	92	IP
5	1	37	1	1	11	2432	4291	204	49	90	address
5	1	37	1	1	12	2705	4288	416	43	0	_123.201.123.167____
5	1	37	1	1	13	3247	4281	97	49	96	and
5	1	37	1	1	14	3362	4280	215	50	96	verified
5	1	37	1	1	15	3596	4281	68	63	97	by
2	1	38	0	0	0	245	4461	3637	71	-1	
3	1	38	1	0	0	245	4461	3637	71	-1	
4	1	38	1	1	0	245	4461	3637	71	-1	
5	1	38	1	1	1	245	4461	159	44	95	Sarita
5	1	38	1	1	2	422	4461	210	44	96	Kumari
5	1	38	1	1	3	651	4461	143	44	96	Shaw
5	1	38	1	1	4	1555	4469	186	63	95	having
5	1	38	1	1	5	1762	4471	136	46	91	PAN
5	1	38	1	1	6	1981	4464	383	51	33	_AQGPS9431D_—s
5	1	38	1	1	7	2471	4484	65	34	31	on
5	1	38	1	1	8	2620	4466	286	43	0	_—_28-10-2019
5	1	38	1	1	9	2929	4467	223	42	96	15:47:34
5	1	38	1	1	10	3446	4465	132	50	96	from
5	1	38	1	1	11	3600	4468	56	46	96	IP
5	1	38	1	1	12	3678	4466	204	49	96	address
2	1	39	0	0	0	223	4606	3242	169	-1	
3	1	39	1	0	0	223	4606	3242	169	-1	
4	1	39	1	1	0	223	4606	1805	80	-1	
5	1	39	1	1	1	223	4606	521	58	53	123.201.123.167
5	1	39	1	1	2	0	0	4250	5500	15	__
5	1	39	1	1	3	797	4622	148	61	68	using
5	1	39	1	1	4	989	4623	198	63	88	Digital
5	1	39	1	1	5	1210	4623	283	63	96	Signature
5	1	39	1	1	6	1515	4622	312	50	96	Certificate
5	1	39	1	1	7	1849	4623	179	63	96	(DSC)
4	1	39	1	2	0	652	4724	2813	51	-1	
5	1	39	1	2	1	652	4724	897	51	90	2476287326100160303CN=SafeScrypt
5	1	39	1	2	2	1565	4724	180	40	92	sub-CA
5	1	39	1	2	3	1759	4724	70	40	93	for
5	1	39	1	2	4	1845	4726	119	38	83	RCAI
5	1	39	1	2	5	1966	4724	159	40	96	Class
5	1	39	1	2	6	2142	4726	23	37	92	2
5	1	39	1	2	7	2184	4724	610	51	88	2014,0U=Sub-CA,O=Sify
5	1	39	1	2	8	2809	4724	306	51	93	Technologies
5	1	39	1	2	9	3132	4724	333	47	88	Limited,C=IN
2	1	40	0	0	0	223	4764	346	49	-1	
3	1	40	1	0	0	223	4764	346	49	-1	
4	1	40	1	1	0	223	4764	346	49	-1	
5	1	40	1	1	1	223	4766	82	47	95	DSC
5	1	40	1	1	2	313	4764	256	49	96	details:
2	1	41	0	0	0	182	4225	3884	723	-1	
3	1	41	1	0	0	182	4225	3884	723	-1	
4	1	41	1	1	0	182	4225	3884	723	-1	
5	1	41	1	1	1	182	4225	3884	723	95	 
2	1	42	0	0	0	384	4975	3409	73	-1	
3	1	42	1	0	0	384	4975	3409	73	-1	
4	1	42	1	1	0	384	4975	3409	73	-1	
5	1	42	1	1	1	384	4975	144	73	95	DO
5	1	42	1	1	2	573	4975	219	73	95	NOT
5	1	42	1	1	3	835	4975	291	73	95	SEND
5	1	42	1	1	4	1158	4975	252	73	95	THIS
5	1	42	1	1	5	1450	4975	1161	73	96	ACKNOWLEDGEMENT
5	1	42	1	1	6	2648	4975	148	73	95	TO
5	1	42	1	1	7	2837	4975	205	73	93	CPC,
5	1	42	1	1	8	3127	4975	666	73	93	BENGALURU
2	1	43	0	0	0	374	5029	3432	32	-1	
3	1	43	1	0	0	374	5029	3432	32	-1	
4	1	43	1	1	0	374	5029	3432	32	-1	
5	1	43	1	1	1	374	5029	3432	32	95